
0 381 608 784 1010 1220 1476 1717 1938 2219 2677
0 343 602 833 1058 1283 1534 1763 1981 2257 2604
0 402 624 861 1155 1398 1697 1940 2274 2647 3391
0 287 479 688 919 1204 1414 1636 1970 2359 2749
0 268 470 641 857 1193 1414 1809 2082 2358 2858
0 325 512 696 876 1122 1361 1536 1805 2089 2540
0 274 426 602 761 988 1198 1488 1772 2000 2379
0 614 817 1086 1406 1646 2064 2319 2553 2809 3361
0 192 448 702 911 1152 1385 1660 1977 2277 2599
0 198 407 604 843 1018 1257 1507 1751 2113 2554
0 281 430 678 928 1153 1427 1668 1954 2285 2719
0 229 422 612 781 1008 1193 1431 1709 2012 2401
0 327 492 684 859 1068 1309 1603 1825 2142 2477